歩MapNo 歩X 歩Y 船MapNo 船X 船Y 各3桁 ワープ先名称8文字
004 013 022 000 104 111 ＃Ｎ００のいえ
000 105 098 000 104 111 タギ
000 145 116 000 142 119 カリーナへのはし
000 145 081 000 149 081 ヒューキャット
000 175 152 000 177 152 カリーナ
000 121 154 000 124 156 ロギロ
000 052 170 000 063 122 ノピア
000 040 101 000 034 102 ピローロ
000 063 091 000 062 093 テミのふなつきば
000 019 187 000 020 193 コーダやま
028 040 029 000 045 080 もぐらのくに
000 064 054 000 045 080 せいなるいけ
000 048 188 000 053 207 トッコ
000 092 187 000 095 187 ライアンブール
000 098 194 000 099 194 いりえのどうくつ
000 086 223 000 085 218 ハルプトルフ
000 038 233 000 040 237 マグマのどうくつ
000 124 212 000 123 209 リンバー
000 172 196 000 173 180 かわのしゅうらく
000 185 233 000 185 243 トロンボ
025 040 019 000 185 243 おおきなとりのす
000 206 121 000 205 121 タネット
000 221 211 000 222 214 クラリーネ
000 203 186 000 202 192 ディオン
000 068 028 000 067 029 マードリー
000 196 056 000 191 065 まよいのせつげん
000 208 052 000 191 065 ほうせきたんこう
000 184 045 000 191 065 ノースシーバル
000 127 031 000 191 065 シーバルやま
000 036 227 000 040 237 キラボルドこうち
000 054 237 000 066 246 ヤブサのいえ
082 025 014 000 095 187 かいていしんでん
000 020 030 000 019 036 ぜっぺきのいせき
000 041 222 000 040 237 キラボルドあとち
088 064 067 000 104 111 まかいのやま
088 035 063 000 104 111 ＃Ｎ０１のいえ
088 030 015 000 104 111 ゴングル
088 046 046 000 104 111 まおうのしろ
088 057 022 000 104 111 エネジーのとう
097 026 012 000 104 111 いじけんいりぐち
133 025 032 000 066 246 はざまのしんでん
137 013 012 000 095 187 ポリアぞくのさと