

1080080122201009160010031608274000000000
0000080800
0000080800
0000080800
310202000500000000000000000000000000000000000000000000000000000000000020000916000061000800016108080002611608004000000000200009160000610008000161080800026116080003612408004000000000
00000810001020180200
0000081200102020040100410024000201240400
34161600031013161922252832374047495964000000000000000000000000000000000000121000002022080040000000000000121200110024030204010012000041120800002120040004212404004000000000000012200000210008004000000000100012090300202108004000000000000012080000202008004000000000100012030600201508004000000000100012020700201408004000000000100012050800201708004000000000100012050810201705090040220800400000000010001205081020170410004021100000610008004000000000100012011100201308004000000000600012160080410008000081080800002200100001221010001061160542400000000000001208004000000000030012100004002210001001000245102102024503210410001041140245034116100010612603460082000800400000000000001208000020200800004100080000610808004000000000600012160000210008004000000000
00000808000100160800020024080010210003401041030149
1000080412102012040700401608001060240224
10000801121020090207004011080010602901417080191000
34161600061118220000000000000000000000000000000000000000000000000000000000120400010016040010202001290040210500706100100040000000001000120129002013050000402804007060181000400000000010001204301300160231102018023210902003337040221000132100033340000000000000120400002016040070402010004000000000100012013413001301350020140400032018040070402210004000000000
90000808001020160408
100008083610201601374000000000
70000810000020180800
3518180003061014182226303438424548515457600000000000000000000000000000000100200010212001184000000000100100080810212001184000000000100013050800201807001040250219400000000010001305080020180800104026021940000000001000130508002018080010402602194000000000100013050800201808001040260219400000000010001305080020180800104026021940000000001000130508002018100010402802194000000000100013050800201810001040280219400000000010001302234000000000400000000040000000004000000000400000000040000000004000000000100013090310202201184000000000100013050810201808144000000000100013050810201808144000000000100013090310202201184000000000100014043910201301384000000000100013050810201801204000000000100013011110201401214000000000
100008095710101709571021000957103109095710411809571052000957106209095710721809571083000957109309095713031801554000000000
00000816001020240155
10200801551000090458
10000807481020150805108023012510602402521040260359
60200816007001001000104110014400620010000262101000
10000801161020090748104017075010602401510340250400
10000804170020120800
0000081600
0000081000
10000801289020090800004017080001410008007081081000106118054203420010000442101000

1000080123
1000080123400000000040000000004000000000
100008012300200910001040190200
